Problem nodes - [x,y]: [[50, 50], [14, 76], [45, 20], [77, 17], [70, 18], [73, 34], [43, 62], [80, 96], [53, 21], [8, 95], [45, 55], [4, 90], [93, 81], [94, 16], [33, 64], [30, 12], [50, 50]]

Client demand - [p,c]: [[ 0 47 58 58 55 44 56 43  0 42 51 52 40  0 48]]
Client total demand - [c]: [0.0, 47.0, 58.0, 58.0, 55.0, 44.0, 56.0, 43.0, 0.0, 42.0, 51.0, 52.0, 40.0, 0.0, 48.0]

Production time - [p,m]: [[1]]
Production cost - [p,m]: [[0]]

Machine capacity - [m]: [990.0]

Vehicle capacity - [k]: 297.0

Service time - [c]: [0, 0, 0, 0, 0, 0, 0, 0, 0, 0, 0, 0, 0, 0, 0]

Vehicle fixed cost: 250
Vehicle variable cost - [c,d]: [[99999, 44, 30, 42, 37, 28, 13, 54, 29, 61, 7, 60, 53, 55, 22, 42, 0], [44, 99999, 64, 86, 80, 72, 32, 68, 67, 19, 37, 17, 79, 100, 22, 65, 44], [30, 64, 99999, 32, 25, 31, 42, 83, 8, 83, 35, 81, 77, 49, 45, 17, 30], [42, 86, 32, 99999, 7, 17, 56, 79, 24, 104, 49, 103, 65, 17, 64, 47, 42], [37, 80, 25, 7, 99999, 16, 51, 78, 17, 98, 44, 97, 67, 24, 59, 40, 37], [28, 72, 31, 17, 16, 99999, 41, 62, 23, 89, 35, 88, 51, 27, 50, 48, 28], [13, 32, 42, 56, 51, 41, 99999, 50, 42, 48, 7, 48, 53, 68, 10, 51, 13], [54, 68, 83, 79, 78, 62, 50, 99999, 79, 72, 53, 76, 19, 81, 56, 97, 54], [29, 67, 8, 24, 17, 23, 42, 79, 99999, 86, 34, 84, 72, 41, 47, 24, 29], [61, 19, 83, 104, 98, 89, 48, 72, 86, 99999, 54, 6, 86, 116, 39, 85, 61], [7, 37, 35, 49, 44, 35, 7, 53, 34, 54, 99999, 53, 54, 62, 15, 45, 7], [60, 17, 81, 103, 97, 88, 48, 76, 84, 6, 53, 99999, 89, 116, 38, 82, 60], [53, 79, 77, 65, 67, 51, 53, 19, 72, 86, 54, 89, 99999, 65, 62, 93, 53], [55, 100, 49, 17, 24, 27, 68, 81, 41, 116, 62, 116, 65, 99999, 77, 64, 55], [22, 22, 45, 64, 59, 50, 10, 56, 47, 39, 15, 38, 62, 77, 99999, 52, 22], [42, 65, 17, 47, 40, 48, 51, 97, 24, 85, 45, 82, 93, 64, 52, 99999, 42], [0, 44, 30, 42, 37, 28, 13, 54, 29, 61, 7, 60, 53, 55, 22, 42, 99999]]
Travel time - [c,d]: [[99999, 44, 30, 42, 37, 28, 13, 54, 29, 61, 7, 60, 53, 55, 22, 42, 0], [44, 99999, 64, 86, 80, 72, 32, 68, 67, 19, 37, 17, 79, 100, 22, 65, 44], [30, 64, 99999, 32, 25, 31, 42, 83, 8, 83, 35, 81, 77, 49, 45, 17, 30], [42, 86, 32, 99999, 7, 17, 56, 79, 24, 104, 49, 103, 65, 17, 64, 47, 42], [37, 80, 25, 7, 99999, 16, 51, 78, 17, 98, 44, 97, 67, 24, 59, 40, 37], [28, 72, 31, 17, 16, 99999, 41, 62, 23, 89, 35, 88, 51, 27, 50, 48, 28], [13, 32, 42, 56, 51, 41, 99999, 50, 42, 48, 7, 48, 53, 68, 10, 51, 13], [54, 68, 83, 79, 78, 62, 50, 99999, 79, 72, 53, 76, 19, 81, 56, 97, 54], [29, 67, 8, 24, 17, 23, 42, 79, 99999, 86, 34, 84, 72, 41, 47, 24, 29], [61, 19, 83, 104, 98, 89, 48, 72, 86, 99999, 54, 6, 86, 116, 39, 85, 61], [7, 37, 35, 49, 44, 35, 7, 53, 34, 54, 99999, 53, 54, 62, 15, 45, 7], [60, 17, 81, 103, 97, 88, 48, 76, 84, 6, 53, 99999, 89, 116, 38, 82, 60], [53, 79, 77, 65, 67, 51, 53, 19, 72, 86, 54, 89, 99999, 65, 62, 93, 53], [55, 100, 49, 17, 24, 27, 68, 81, 41, 116, 62, 116, 65, 99999, 77, 64, 55], [22, 22, 45, 64, 59, 50, 10, 56, 47, 39, 15, 38, 62, 77, 99999, 52, 22], [42, 65, 17, 47, 40, 48, 51, 97, 24, 85, 45, 82, 93, 64, 52, 99999, 42], [0, 44, 30, 42, 37, 28, 13, 54, 29, 61, 7, 60, 53, 55, 22, 42, 99999]]

Product revenue - [p,q]: [[10]]
Product shelf-life - [p,q]: [774.6666666666667]

