Problem nodes - [x,y]: [[50, 50], [64, 70], [7, 37], [90, 79], [33, 1], [16, 56], [60, 35], [18, 1], [8, 5], [41, 61], [66, 24], [38, 19], [92, 87], [67, 50], [84, 21], [58, 94], [50, 50]]

Client demand - [p,c]: [[46 59 53 45 58 57  0 57 54 42  0 44  0 42 54]]
Client total demand - [c]: [46.0, 59.0, 53.0, 45.0, 58.0, 57.0, 0.0, 57.0, 54.0, 42.0, 0.0, 44.0, 0.0, 42.0, 54.0]

Production time - [p,m]: [[1]]
Production cost - [p,m]: [[0]]

Machine capacity - [m]: [1018.3333333333334]

Vehicle capacity - [k]: 305.5

Service time - [c]: [0, 0, 0, 0, 0, 0, 0, 0, 0, 0, 0, 0, 0, 0, 0]

Vehicle fixed cost: 250
Vehicle variable cost - [c,d]: [[99999, 24, 44, 49, 51, 34, 18, 58, 61, 14, 30, 33, 55, 17, 44, 44, 0], [24, 99999, 65, 27, 75, 50, 35, 82, 85, 24, 46, 57, 32, 20, 52, 24, 24], [44, 65, 99999, 93, 44, 21, 53, 37, 32, 41, 60, 35, 98, 61, 78, 76, 44], [49, 27, 93, 99999, 96, 77, 53, 106, 110, 52, 60, 79, 8, 37, 58, 35, 49], [51, 75, 44, 96, 99999, 57, 43, 15, 25, 60, 40, 18, 104, 59, 54, 96, 51], [34, 50, 21, 77, 57, 99999, 48, 55, 51, 25, 59, 43, 82, 51, 76, 56, 34], [18, 35, 53, 53, 43, 48, 99999, 54, 60, 32, 12, 27, 61, 16, 27, 59, 18], [58, 82, 37, 106, 15, 55, 54, 99999, 10, 64, 53, 26, 113, 69, 68, 101, 58], [61, 85, 32, 110, 25, 51, 60, 10, 99999, 65, 61, 33, 117, 74, 77, 102, 61], [14, 24, 41, 52, 60, 25, 32, 64, 65, 99999, 44, 42, 57, 28, 58, 37, 14], [30, 46, 60, 60, 40, 59, 12, 53, 61, 44, 99999, 28, 68, 26, 18, 70, 30], [33, 57, 35, 79, 18, 43, 27, 26, 33, 42, 28, 99999, 86, 42, 46, 77, 33], [55, 32, 98, 8, 104, 82, 61, 113, 117, 57, 68, 86, 99999, 44, 66, 34, 55], [17, 20, 61, 37, 59, 51, 16, 69, 74, 28, 26, 42, 44, 99999, 33, 44, 17], [44, 52, 78, 58, 54, 76, 27, 68, 77, 58, 18, 46, 66, 33, 99999, 77, 44], [44, 24, 76, 35, 96, 56, 59, 101, 102, 37, 70, 77, 34, 44, 77, 99999, 44], [0, 24, 44, 49, 51, 34, 18, 58, 61, 14, 30, 33, 55, 17, 44, 44, 99999]]
Travel time - [c,d]: [[99999, 24, 44, 49, 51, 34, 18, 58, 61, 14, 30, 33, 55, 17, 44, 44, 0], [24, 99999, 65, 27, 75, 50, 35, 82, 85, 24, 46, 57, 32, 20, 52, 24, 24], [44, 65, 99999, 93, 44, 21, 53, 37, 32, 41, 60, 35, 98, 61, 78, 76, 44], [49, 27, 93, 99999, 96, 77, 53, 106, 110, 52, 60, 79, 8, 37, 58, 35, 49], [51, 75, 44, 96, 99999, 57, 43, 15, 25, 60, 40, 18, 104, 59, 54, 96, 51], [34, 50, 21, 77, 57, 99999, 48, 55, 51, 25, 59, 43, 82, 51, 76, 56, 34], [18, 35, 53, 53, 43, 48, 99999, 54, 60, 32, 12, 27, 61, 16, 27, 59, 18], [58, 82, 37, 106, 15, 55, 54, 99999, 10, 64, 53, 26, 113, 69, 68, 101, 58], [61, 85, 32, 110, 25, 51, 60, 10, 99999, 65, 61, 33, 117, 74, 77, 102, 61], [14, 24, 41, 52, 60, 25, 32, 64, 65, 99999, 44, 42, 57, 28, 58, 37, 14], [30, 46, 60, 60, 40, 59, 12, 53, 61, 44, 99999, 28, 68, 26, 18, 70, 30], [33, 57, 35, 79, 18, 43, 27, 26, 33, 42, 28, 99999, 86, 42, 46, 77, 33], [55, 32, 98, 8, 104, 82, 61, 113, 117, 57, 68, 86, 99999, 44, 66, 34, 55], [17, 20, 61, 37, 59, 51, 16, 69, 74, 28, 26, 42, 44, 99999, 33, 44, 17], [44, 52, 78, 58, 54, 76, 27, 68, 77, 58, 18, 46, 66, 33, 99999, 77, 44], [44, 24, 76, 35, 96, 56, 59, 101, 102, 37, 70, 77, 34, 44, 77, 99999, 44], [0, 24, 44, 49, 51, 34, 18, 58, 61, 14, 30, 33, 55, 17, 44, 44, 99999]]

Product revenue - [p,q]: [[10]]
Product shelf-life - [p,q]: [121.52000000000001]

