Problem nodes - [x,y]: [[50, 50], [66, 85], [87, 18], [16, 74], [5, 89], [70, 60], [2, 53], [37, 42], [70, 85], [35, 24], [91, 74], [42, 26], [53, 2], [56, 13], [37, 7], [64, 53], [50, 50]]

Client demand - [p,c]: [[42 54 47 40 43 58  0  0 43 41 47  0 48 41 46]]
Client total demand - [c]: [42.0, 54.0, 47.0, 40.0, 43.0, 58.0, 0.0, 0.0, 43.0, 41.0, 47.0, 0.0, 48.0, 41.0, 46.0]

Production time - [p,m]: [[1]]
Production cost - [p,m]: [[0]]

Machine capacity - [m]: [916.6666666666667]

Vehicle capacity - [k]: 275.0

Service time - [c]: [0, 0, 0, 0, 0, 0, 0, 0, 0, 0, 0, 0, 0, 0, 0]

Vehicle fixed cost: 250
Vehicle variable cost - [c,d]: [[99999, 38, 48, 41, 59, 22, 48, 15, 40, 30, 47, 25, 48, 37, 44, 14, 0], [38, 99999, 70, 51, 61, 25, 71, 51, 4, 68, 27, 63, 84, 72, 83, 32, 38], [48, 70, 99999, 90, 108, 45, 91, 55, 69, 52, 56, 45, 37, 31, 51, 41, 48], [41, 51, 90, 99999, 18, 55, 25, 38, 55, 53, 75, 54, 80, 72, 70, 52, 41], [59, 61, 108, 18, 99999, 71, 36, 56, 65, 71, 87, 73, 99, 91, 88, 69, 59], [22, 25, 45, 55, 71, 99999, 68, 37, 25, 50, 25, 44, 60, 49, 62, 9, 22], [48, 71, 91, 25, 36, 68, 99999, 36, 75, 43, 91, 48, 72, 67, 57, 62, 48], [15, 51, 55, 38, 56, 37, 36, 99999, 54, 18, 62, 16, 43, 34, 35, 29, 15], [40, 4, 69, 55, 65, 25, 75, 54, 99999, 70, 23, 65, 84, 73, 84, 32, 40], [30, 68, 52, 53, 71, 50, 43, 18, 70, 99999, 75, 7, 28, 23, 17, 41, 30], [47, 27, 56, 75, 87, 25, 91, 62, 23, 75, 99999, 68, 81, 70, 86, 34, 47], [25, 63, 45, 54, 73, 44, 48, 16, 65, 7, 68, 99999, 26, 19, 19, 34, 25], [48, 84, 37, 80, 99, 60, 72, 43, 84, 28, 81, 26, 99999, 11, 16, 52, 48], [37, 72, 31, 72, 91, 49, 67, 34, 73, 23, 70, 19, 11, 99999, 19, 40, 37], [44, 83, 51, 70, 88, 62, 57, 35, 84, 17, 86, 19, 16, 19, 99999, 53, 44], [14, 32, 41, 52, 69, 9, 62, 29, 32, 41, 34, 34, 52, 40, 53, 99999, 14], [0, 38, 48, 41, 59, 22, 48, 15, 40, 30, 47, 25, 48, 37, 44, 14, 99999]]
Travel time - [c,d]: [[99999, 38, 48, 41, 59, 22, 48, 15, 40, 30, 47, 25, 48, 37, 44, 14, 0], [38, 99999, 70, 51, 61, 25, 71, 51, 4, 68, 27, 63, 84, 72, 83, 32, 38], [48, 70, 99999, 90, 108, 45, 91, 55, 69, 52, 56, 45, 37, 31, 51, 41, 48], [41, 51, 90, 99999, 18, 55, 25, 38, 55, 53, 75, 54, 80, 72, 70, 52, 41], [59, 61, 108, 18, 99999, 71, 36, 56, 65, 71, 87, 73, 99, 91, 88, 69, 59], [22, 25, 45, 55, 71, 99999, 68, 37, 25, 50, 25, 44, 60, 49, 62, 9, 22], [48, 71, 91, 25, 36, 68, 99999, 36, 75, 43, 91, 48, 72, 67, 57, 62, 48], [15, 51, 55, 38, 56, 37, 36, 99999, 54, 18, 62, 16, 43, 34, 35, 29, 15], [40, 4, 69, 55, 65, 25, 75, 54, 99999, 70, 23, 65, 84, 73, 84, 32, 40], [30, 68, 52, 53, 71, 50, 43, 18, 70, 99999, 75, 7, 28, 23, 17, 41, 30], [47, 27, 56, 75, 87, 25, 91, 62, 23, 75, 99999, 68, 81, 70, 86, 34, 47], [25, 63, 45, 54, 73, 44, 48, 16, 65, 7, 68, 99999, 26, 19, 19, 34, 25], [48, 84, 37, 80, 99, 60, 72, 43, 84, 28, 81, 26, 99999, 11, 16, 52, 48], [37, 72, 31, 72, 91, 49, 67, 34, 73, 23, 70, 19, 11, 99999, 19, 40, 37], [44, 83, 51, 70, 88, 62, 57, 35, 84, 17, 86, 19, 16, 19, 99999, 53, 44], [14, 32, 41, 52, 69, 9, 62, 29, 32, 41, 34, 34, 52, 40, 53, 99999, 14], [0, 38, 48, 41, 59, 22, 48, 15, 40, 30, 47, 25, 48, 37, 44, 14, 99999]]

Product revenue - [p,q]: [[10]]
Product shelf-life - [p,q]: [333.18399999999997]

