Problem nodes - [x,y]: [[50, 50], [65, 67], [45, 74], [57, 27], [92, 41], [73, 0], [44, 58], [80, 20], [13, 25], [11, 55], [71, 58], [2, 25], [13, 92], [21, 49], [1, 75], [24, 93], [50, 50]]

Client demand - [p,c]: [[ 0 45 58 41 48 47  0 42 51  0 55 43 55 56 49]]
Client total demand - [c]: [0.0, 45.0, 58.0, 41.0, 48.0, 47.0, 0.0, 42.0, 51.0, 0.0, 55.0, 43.0, 55.0, 56.0, 49.0]

Production time - [p,m]: [[1]]
Production cost - [p,m]: [[0]]

Machine capacity - [m]: [983.3333333333333]

Vehicle capacity - [k]: 295.0

Service time - [c]: [0, 0, 0, 0, 0, 0, 0, 0, 0, 0, 0, 0, 0, 0, 0]

Vehicle fixed cost: 250
Vehicle variable cost - [c,d]: [[99999, 22, 24, 24, 42, 55, 10, 42, 44, 39, 22, 54, 55, 29, 55, 50, 0], [22, 99999, 21, 40, 37, 67, 22, 49, 66, 55, 10, 75, 57, 47, 64, 48, 22], [24, 21, 99999, 48, 57, 79, 16, 64, 58, 38, 30, 65, 36, 34, 44, 28, 24], [24, 40, 48, 99999, 37, 31, 33, 24, 44, 53, 34, 55, 78, 42, 73, 73, 24], [42, 37, 57, 37, 99999, 45, 50, 24, 80, 82, 27, 91, 94, 71, 97, 85, 42], [55, 67, 79, 31, 45, 99999, 64, 21, 65, 82, 58, 75, 109, 71, 103, 105, 55], [10, 22, 16, 33, 50, 64, 99999, 52, 45, 33, 27, 53, 46, 24, 46, 40, 10], [42, 49, 64, 24, 24, 21, 52, 99999, 67, 77, 39, 78, 98, 65, 96, 92, 42], [44, 66, 58, 44, 80, 65, 45, 67, 99999, 30, 66, 11, 67, 25, 51, 68, 44], [39, 55, 38, 53, 82, 82, 33, 77, 30, 99999, 60, 31, 37, 11, 22, 40, 39], [22, 10, 30, 34, 27, 58, 27, 39, 66, 60, 99999, 76, 67, 50, 72, 58, 22], [54, 75, 65, 55, 91, 75, 53, 78, 11, 31, 76, 99999, 67, 30, 50, 71, 54], [55, 57, 36, 78, 94, 109, 46, 98, 67, 37, 67, 67, 99999, 43, 20, 11, 55], [29, 47, 34, 42, 71, 71, 24, 65, 25, 11, 50, 30, 43, 99999, 32, 44, 29], [55, 64, 44, 73, 97, 103, 46, 96, 51, 22, 72, 50, 20, 32, 99999, 29, 55], [50, 48, 28, 73, 85, 105, 40, 92, 68, 40, 58, 71, 11, 44, 29, 99999, 50], [0, 22, 24, 24, 42, 55, 10, 42, 44, 39, 22, 54, 55, 29, 55, 50, 99999]]
Travel time - [c,d]: [[99999, 22, 24, 24, 42, 55, 10, 42, 44, 39, 22, 54, 55, 29, 55, 50, 0], [22, 99999, 21, 40, 37, 67, 22, 49, 66, 55, 10, 75, 57, 47, 64, 48, 22], [24, 21, 99999, 48, 57, 79, 16, 64, 58, 38, 30, 65, 36, 34, 44, 28, 24], [24, 40, 48, 99999, 37, 31, 33, 24, 44, 53, 34, 55, 78, 42, 73, 73, 24], [42, 37, 57, 37, 99999, 45, 50, 24, 80, 82, 27, 91, 94, 71, 97, 85, 42], [55, 67, 79, 31, 45, 99999, 64, 21, 65, 82, 58, 75, 109, 71, 103, 105, 55], [10, 22, 16, 33, 50, 64, 99999, 52, 45, 33, 27, 53, 46, 24, 46, 40, 10], [42, 49, 64, 24, 24, 21, 52, 99999, 67, 77, 39, 78, 98, 65, 96, 92, 42], [44, 66, 58, 44, 80, 65, 45, 67, 99999, 30, 66, 11, 67, 25, 51, 68, 44], [39, 55, 38, 53, 82, 82, 33, 77, 30, 99999, 60, 31, 37, 11, 22, 40, 39], [22, 10, 30, 34, 27, 58, 27, 39, 66, 60, 99999, 76, 67, 50, 72, 58, 22], [54, 75, 65, 55, 91, 75, 53, 78, 11, 31, 76, 99999, 67, 30, 50, 71, 54], [55, 57, 36, 78, 94, 109, 46, 98, 67, 37, 67, 67, 99999, 43, 20, 11, 55], [29, 47, 34, 42, 71, 71, 24, 65, 25, 11, 50, 30, 43, 99999, 32, 44, 29], [55, 64, 44, 73, 97, 103, 46, 96, 51, 22, 72, 50, 20, 32, 99999, 29, 55], [50, 48, 28, 73, 85, 105, 40, 92, 68, 40, 58, 71, 11, 44, 29, 99999, 50], [0, 22, 24, 24, 42, 55, 10, 42, 44, 39, 22, 54, 55, 29, 55, 50, 99999]]

Product revenue - [p,q]: [[10]]
Product shelf-life - [p,q]: [768.0]

