Problem nodes - [x,y]: [[50, 50], [21, 37], [40, 19], [89, 43], [48, 58], [26, 63], [76, 25], [72, 60], [50, 50]]

Client demand - [p,c]: [[46 42 50 43 47  0 54]]
Client total demand - [c]: [46.0, 42.0, 50.0, 43.0, 47.0, 0.0, 54.0]

Production time - [p,m]: [[1]]
Production cost - [p,m]: [[0]]

Machine capacity - [m]: [470.0]

Vehicle capacity - [k]: 141.0

Service time - [c]: [0, 0, 0, 0, 0, 0, 0]

Vehicle fixed cost: 250
Vehicle variable cost - [c,d]: [[99999, 31, 32, 39, 8, 27, 36, 24, 0], [31, 99999, 26, 68, 34, 26, 56, 55, 31], [32, 26, 99999, 54, 39, 46, 36, 52, 32], [39, 68, 54, 99999, 43, 66, 22, 24, 39], [8, 34, 39, 43, 99999, 22, 43, 24, 8], [27, 26, 46, 66, 22, 99999, 62, 46, 27], [36, 56, 36, 22, 43, 62, 99999, 35, 36], [24, 55, 52, 24, 24, 46, 35, 99999, 24], [0, 31, 32, 39, 8, 27, 36, 24, 99999]]
Travel time - [c,d]: [[99999, 31, 32, 39, 8, 27, 36, 24, 0], [31, 99999, 26, 68, 34, 26, 56, 55, 31], [32, 26, 99999, 54, 39, 46, 36, 52, 32], [39, 68, 54, 99999, 43, 66, 22, 24, 39], [8, 34, 39, 43, 99999, 22, 43, 24, 8], [27, 26, 46, 66, 22, 99999, 62, 46, 27], [36, 56, 36, 22, 43, 62, 99999, 35, 36], [24, 55, 52, 24, 24, 46, 35, 99999, 24], [0, 31, 32, 39, 8, 27, 36, 24, 99999]]

Product revenue - [p,q]: [[10]]
Product shelf-life - [p,q]: [310.7314285714285]

