Problem nodes - [x,y]: [[50, 50], [14, 53], [45, 8], [77, 45], [70, 4], [73, 93], [43, 94], [80, 33], [50, 50]]

Client demand - [p,c]: [[46 44 43  0 55 43 46]]
Client total demand - [c]: [46.0, 44.0, 43.0, 0.0, 55.0, 43.0, 46.0]

Production time - [p,m]: [[1]]
Production cost - [p,m]: [[0]]

Machine capacity - [m]: [461.66666666666674]

Vehicle capacity - [k]: 138.5

Service time - [c]: [0, 0, 0, 0, 0, 0, 0]

Vehicle fixed cost: 250
Vehicle variable cost - [c,d]: [[99999, 36, 42, 27, 50, 48, 44, 34, 0], [36, 99999, 54, 63, 74, 71, 50, 68, 36], [42, 54, 99999, 48, 25, 89, 86, 43, 42], [27, 63, 48, 99999, 41, 48, 59, 12, 27], [50, 74, 25, 41, 99999, 89, 93, 30, 50], [48, 71, 89, 48, 89, 99999, 30, 60, 48], [44, 50, 86, 59, 93, 30, 99999, 71, 44], [34, 68, 43, 12, 30, 60, 71, 99999, 34], [0, 36, 42, 27, 50, 48, 44, 34, 99999]]
Travel time - [c,d]: [[99999, 36, 42, 27, 50, 48, 44, 34, 0], [36, 99999, 54, 63, 74, 71, 50, 68, 36], [42, 54, 99999, 48, 25, 89, 86, 43, 42], [27, 63, 48, 99999, 41, 48, 59, 12, 27], [50, 74, 25, 41, 99999, 89, 93, 30, 50], [48, 71, 89, 48, 89, 99999, 30, 60, 48], [44, 50, 86, 59, 93, 30, 99999, 71, 44], [34, 68, 43, 12, 30, 60, 71, 99999, 34], [0, 36, 42, 27, 50, 48, 44, 34, 99999]]

Product revenue - [p,q]: [[10]]
Product shelf-life - [p,q]: [360.89142857142855]

