Problem nodes - [x,y]: [[50, 50], [21, 30], [40, 53], [89, 14], [48, 74], [26, 15], [76, 54], [72, 89], [37, 3], [19, 23], [43, 19], [58, 60], [63, 88], [25, 93], [60, 24], [39, 36], [50, 50]]

Client demand - [p,c]: [[ 0 44 51 56 47 43 51  0  0 47 52 53 40 41 58]]
Client total demand - [c]: [0.0, 44.0, 51.0, 56.0, 47.0, 43.0, 51.0, 0.0, 0.0, 47.0, 52.0, 53.0, 40.0, 41.0, 58.0]

Production time - [p,m]: [[1]]
Production cost - [p,m]: [[0]]

Machine capacity - [m]: [971.6666666666666]

Vehicle capacity - [k]: 291.5

Service time - [c]: [0, 0, 0, 0, 0, 0, 0, 0, 0, 0, 0, 0, 0, 0, 0]

Vehicle fixed cost: 250
Vehicle variable cost - [c,d]: [[99999, 35, 10, 53, 24, 42, 26, 44, 48, 41, 31, 12, 40, 49, 27, 17, 0], [35, 99999, 29, 69, 51, 15, 60, 77, 31, 7, 24, 47, 71, 63, 39, 18, 35], [10, 29, 99999, 62, 22, 40, 36, 48, 50, 36, 34, 19, 41, 42, 35, 17, 10], [53, 69, 62, 99999, 72, 63, 42, 76, 53, 70, 46, 55, 78, 101, 30, 54, 53], [24, 51, 22, 72, 99999, 62, 34, 28, 71, 58, 55, 17, 20, 29, 51, 39, 24], [42, 15, 40, 63, 62, 99999, 63, 87, 16, 10, 17, 55, 81, 78, 35, 24, 42], [26, 60, 36, 42, 34, 63, 99999, 35, 64, 64, 48, 18, 36, 64, 34, 41, 26], [44, 77, 48, 76, 28, 87, 35, 99999, 92, 84, 75, 32, 9, 47, 66, 62, 44], [48, 31, 50, 53, 71, 16, 64, 92, 99999, 26, 17, 60, 88, 90, 31, 33, 48], [41, 7, 36, 70, 58, 10, 64, 84, 26, 99999, 24, 53, 78, 70, 41, 23, 41], [31, 24, 34, 46, 55, 17, 48, 75, 17, 24, 99999, 43, 71, 76, 17, 17, 31], [12, 47, 19, 55, 17, 55, 18, 32, 60, 53, 43, 99999, 28, 46, 36, 30, 12], [40, 71, 41, 78, 20, 81, 36, 9, 88, 78, 71, 28, 99999, 38, 64, 57, 40], [49, 63, 42, 101, 29, 78, 64, 47, 90, 70, 76, 46, 38, 99999, 77, 58, 49], [27, 39, 35, 30, 51, 35, 34, 66, 31, 41, 17, 36, 64, 77, 99999, 24, 27], [17, 18, 17, 54, 39, 24, 41, 62, 33, 23, 17, 30, 57, 58, 24, 99999, 17], [0, 35, 10, 53, 24, 42, 26, 44, 48, 41, 31, 12, 40, 49, 27, 17, 99999]]
Travel time - [c,d]: [[99999, 35, 10, 53, 24, 42, 26, 44, 48, 41, 31, 12, 40, 49, 27, 17, 0], [35, 99999, 29, 69, 51, 15, 60, 77, 31, 7, 24, 47, 71, 63, 39, 18, 35], [10, 29, 99999, 62, 22, 40, 36, 48, 50, 36, 34, 19, 41, 42, 35, 17, 10], [53, 69, 62, 99999, 72, 63, 42, 76, 53, 70, 46, 55, 78, 101, 30, 54, 53], [24, 51, 22, 72, 99999, 62, 34, 28, 71, 58, 55, 17, 20, 29, 51, 39, 24], [42, 15, 40, 63, 62, 99999, 63, 87, 16, 10, 17, 55, 81, 78, 35, 24, 42], [26, 60, 36, 42, 34, 63, 99999, 35, 64, 64, 48, 18, 36, 64, 34, 41, 26], [44, 77, 48, 76, 28, 87, 35, 99999, 92, 84, 75, 32, 9, 47, 66, 62, 44], [48, 31, 50, 53, 71, 16, 64, 92, 99999, 26, 17, 60, 88, 90, 31, 33, 48], [41, 7, 36, 70, 58, 10, 64, 84, 26, 99999, 24, 53, 78, 70, 41, 23, 41], [31, 24, 34, 46, 55, 17, 48, 75, 17, 24, 99999, 43, 71, 76, 17, 17, 31], [12, 47, 19, 55, 17, 55, 18, 32, 60, 53, 43, 99999, 28, 46, 36, 30, 12], [40, 71, 41, 78, 20, 81, 36, 9, 88, 78, 71, 28, 99999, 38, 64, 57, 40], [49, 63, 42, 101, 29, 78, 64, 47, 90, 70, 76, 46, 38, 99999, 77, 58, 49], [27, 39, 35, 30, 51, 35, 34, 66, 31, 41, 17, 36, 64, 77, 99999, 24, 27], [17, 18, 17, 54, 39, 24, 41, 62, 33, 23, 17, 30, 57, 58, 24, 99999, 17], [0, 35, 10, 53, 24, 42, 26, 44, 48, 41, 31, 12, 40, 49, 27, 17, 99999]]

Product revenue - [p,q]: [[10]]
Product shelf-life - [p,q]: [110.46333333333334]

