Problem nodes - [x,y]: [[50, 50], [64, 8], [7, 41], [90, 66], [33, 38], [16, 92], [60, 67], [18, 84], [50, 50]]

Client demand - [p,c]: [[55 40  0 54 51 51 47]]
Client total demand - [c]: [55.0, 40.0, 0.0, 54.0, 51.0, 51.0, 47.0]

Production time - [p,m]: [[1]]
Production cost - [p,m]: [[0]]

Machine capacity - [m]: [496.66666666666674]

Vehicle capacity - [k]: 149.0

Service time - [c]: [0, 0, 0, 0, 0, 0, 0]

Vehicle fixed cost: 250
Vehicle variable cost - [c,d]: [[99999, 44, 43, 43, 20, 54, 19, 46, 0], [44, 99999, 65, 63, 43, 96, 59, 88, 44], [43, 65, 99999, 86, 26, 51, 59, 44, 43], [43, 63, 86, 99999, 63, 78, 30, 74, 43], [20, 43, 26, 63, 99999, 56, 39, 48, 20], [54, 96, 51, 78, 56, 99999, 50, 8, 54], [19, 59, 59, 30, 39, 50, 99999, 45, 19], [46, 88, 44, 74, 48, 8, 45, 99999, 46], [0, 44, 43, 43, 20, 54, 19, 46, 99999]]
Travel time - [c,d]: [[99999, 44, 43, 43, 20, 54, 19, 46, 0], [44, 99999, 65, 63, 43, 96, 59, 88, 44], [43, 65, 99999, 86, 26, 51, 59, 44, 43], [43, 63, 86, 99999, 63, 78, 30, 74, 43], [20, 43, 26, 63, 99999, 56, 39, 48, 20], [54, 96, 51, 78, 56, 99999, 50, 8, 54], [19, 59, 59, 30, 39, 50, 99999, 45, 19], [46, 88, 44, 74, 48, 8, 45, 99999, 46], [0, 44, 43, 43, 20, 54, 19, 46, 99999]]

Product revenue - [p,q]: [[10]]
Product shelf-life - [p,q]: [804.2857142857143]

