Problem nodes - [x,y]: [[50, 50], [14, 4], [45, 93], [77, 94], [70, 33], [73, 30], [43, 76], [80, 20], [53, 17], [8, 18], [45, 34], [50, 50]]

Client demand - [p,c]: [[58  1 43 56  1 59 51 52 44 59]]
Client total demand - [c]: [58.0, 1.0, 43.0, 56.0, 1.0, 59.0, 51.0, 52.0, 44.0, 59.0]

Production time - [p,m]: [[1]]
Production cost - [p,m]: [[0]]

Machine capacity - [m]: [706.6666666666667]

Vehicle capacity - [k]: 212.0

Service time - [c]: [0, 0, 0, 0, 0, 0, 0, 0, 0, 0]

Vehicle fixed cost: 250
Vehicle variable cost - [c,d]: [[99999, 58, 43, 51, 26, 30, 26, 42, 33, 52, 16, 0], [58, 99999, 94, 109, 63, 64, 77, 67, 41, 15, 43, 58], [43, 94, 99999, 32, 65, 68, 17, 80, 76, 83, 59, 43], [51, 109, 32, 99999, 61, 64, 38, 74, 80, 102, 68, 51], [26, 63, 65, 61, 99999, 4, 50, 16, 23, 63, 25, 26], [30, 64, 68, 64, 4, 99999, 54, 12, 23, 66, 28, 30], [26, 77, 17, 38, 50, 54, 99999, 67, 59, 67, 42, 26], [42, 67, 80, 74, 16, 12, 67, 99999, 27, 72, 37, 42], [33, 41, 76, 80, 23, 23, 59, 27, 99999, 45, 18, 33], [52, 15, 83, 102, 63, 66, 67, 72, 45, 99999, 40, 52], [16, 43, 59, 68, 25, 28, 42, 37, 18, 40, 99999, 16], [0, 58, 43, 51, 26, 30, 26, 42, 33, 52, 16, 99999]]
Travel time - [c,d]: [[99999, 58, 43, 51, 26, 30, 26, 42, 33, 52, 16, 0], [58, 99999, 94, 109, 63, 64, 77, 67, 41, 15, 43, 58], [43, 94, 99999, 32, 65, 68, 17, 80, 76, 83, 59, 43], [51, 109, 32, 99999, 61, 64, 38, 74, 80, 102, 68, 51], [26, 63, 65, 61, 99999, 4, 50, 16, 23, 63, 25, 26], [30, 64, 68, 64, 4, 99999, 54, 12, 23, 66, 28, 30], [26, 77, 17, 38, 50, 54, 99999, 67, 59, 67, 42, 26], [42, 67, 80, 74, 16, 12, 67, 99999, 27, 72, 37, 42], [33, 41, 76, 80, 23, 23, 59, 27, 99999, 45, 18, 33], [52, 15, 83, 102, 63, 66, 67, 72, 45, 99999, 40, 52], [16, 43, 59, 68, 25, 28, 42, 37, 18, 40, 99999, 16], [0, 58, 43, 51, 26, 30, 26, 42, 33, 52, 16, 99999]]

Product revenue - [p,q]: [[10]]
Product shelf-life - [p,q]: [123.53500000000001]

