Problem nodes - [x,y]: [[50, 50], [72, 10], [36, 87], [75, 71], [12, 94], [94, 57], [42, 55], [75, 22], [97, 86], [67, 14], [44, 93], [50, 50]]

Client demand - [p,c]: [[42 54 56  1 40 47 48 47  1 42]]
Client total demand - [c]: [42.0, 54.0, 56.0, 1.0, 40.0, 47.0, 48.0, 47.0, 1.0, 42.0]

Production time - [p,m]: [[1]]
Production cost - [p,m]: [[0]]

Machine capacity - [m]: [630.0]

Vehicle capacity - [k]: 189.0

Service time - [c]: [0, 0, 0, 0, 0, 0, 0, 0, 0, 0]

Vehicle fixed cost: 250
Vehicle variable cost - [c,d]: [[99999, 45, 39, 32, 58, 44, 9, 37, 59, 39, 43, 0], [45, 99999, 85, 61, 103, 51, 54, 12, 80, 6, 87, 45], [39, 85, 99999, 42, 25, 65, 32, 75, 61, 79, 10, 39], [32, 61, 42, 99999, 67, 23, 36, 49, 26, 57, 38, 32], [58, 103, 25, 67, 99999, 89, 49, 95, 85, 97, 32, 58], [44, 51, 65, 23, 89, 99999, 52, 39, 29, 50, 61, 44], [9, 54, 32, 36, 49, 52, 99999, 46, 63, 48, 38, 9], [37, 12, 75, 49, 95, 39, 46, 99999, 67, 11, 77, 37], [59, 80, 61, 26, 85, 29, 63, 67, 99999, 78, 53, 59], [39, 6, 79, 57, 97, 50, 48, 11, 78, 99999, 82, 39], [43, 87, 10, 38, 32, 61, 38, 77, 53, 82, 99999, 43], [0, 45, 39, 32, 58, 44, 9, 37, 59, 39, 43, 99999]]
Travel time - [c,d]: [[99999, 45, 39, 32, 58, 44, 9, 37, 59, 39, 43, 0], [45, 99999, 85, 61, 103, 51, 54, 12, 80, 6, 87, 45], [39, 85, 99999, 42, 25, 65, 32, 75, 61, 79, 10, 39], [32, 61, 42, 99999, 67, 23, 36, 49, 26, 57, 38, 32], [58, 103, 25, 67, 99999, 89, 49, 95, 85, 97, 32, 58], [44, 51, 65, 23, 89, 99999, 52, 39, 29, 50, 61, 44], [9, 54, 32, 36, 49, 52, 99999, 46, 63, 48, 38, 9], [37, 12, 75, 49, 95, 39, 46, 99999, 67, 11, 77, 37], [59, 80, 61, 26, 85, 29, 63, 67, 99999, 78, 53, 59], [39, 6, 79, 57, 97, 50, 48, 11, 78, 99999, 82, 39], [43, 87, 10, 38, 32, 61, 38, 77, 53, 82, 99999, 43], [0, 45, 39, 32, 58, 44, 9, 37, 59, 39, 43, 99999]]

Product revenue - [p,q]: [[10]]
Product shelf-life - [p,q]: [3840.125]

