Problem nodes - [x,y]: [[50, 50], [24, 2], [87, 78], [99, 39], [1, 64], [15, 12], [69, 56], [35, 87], [65, 36], [23, 45], [9, 52], [50, 50]]

Client demand - [p,c]: [[59 56 56  1 57 51 47  1 44 49]]
Client total demand - [c]: [59.0, 56.0, 56.0, 1.0, 57.0, 51.0, 47.0, 1.0, 44.0, 49.0]

Production time - [p,m]: [[1]]
Production cost - [p,m]: [[0]]

Machine capacity - [m]: [701.6666666666666]

Vehicle capacity - [k]: 210.5

Service time - [c]: [0, 0, 0, 0, 0, 0, 0, 0, 0, 0]

Vehicle fixed cost: 250
Vehicle variable cost - [c,d]: [[99999, 54, 46, 50, 50, 51, 19, 39, 20, 27, 41, 0], [54, 99999, 98, 83, 66, 13, 70, 85, 53, 43, 52, 54], [46, 98, 99999, 40, 87, 97, 28, 52, 47, 72, 82, 46], [50, 83, 40, 99999, 101, 88, 34, 80, 34, 76, 90, 50], [50, 66, 87, 101, 99999, 53, 68, 41, 69, 29, 14, 50], [51, 13, 97, 88, 53, 99999, 69, 77, 55, 33, 40, 51], [19, 70, 28, 34, 68, 69, 99999, 46, 20, 47, 60, 19], [39, 85, 52, 80, 41, 77, 46, 99999, 59, 43, 43, 39], [20, 53, 47, 34, 69, 55, 20, 59, 99999, 42, 58, 20], [27, 43, 72, 76, 29, 33, 47, 43, 42, 99999, 15, 27], [41, 52, 82, 90, 14, 40, 60, 43, 58, 15, 99999, 41], [0, 54, 46, 50, 50, 51, 19, 39, 20, 27, 41, 99999]]
Travel time - [c,d]: [[99999, 54, 46, 50, 50, 51, 19, 39, 20, 27, 41, 0], [54, 99999, 98, 83, 66, 13, 70, 85, 53, 43, 52, 54], [46, 98, 99999, 40, 87, 97, 28, 52, 47, 72, 82, 46], [50, 83, 40, 99999, 101, 88, 34, 80, 34, 76, 90, 50], [50, 66, 87, 101, 99999, 53, 68, 41, 69, 29, 14, 50], [51, 13, 97, 88, 53, 99999, 69, 77, 55, 33, 40, 51], [19, 70, 28, 34, 68, 69, 99999, 46, 20, 47, 60, 19], [39, 85, 52, 80, 41, 77, 46, 99999, 59, 43, 43, 39], [20, 53, 47, 34, 69, 55, 20, 59, 99999, 42, 58, 20], [27, 43, 72, 76, 29, 33, 47, 43, 42, 99999, 15, 27], [41, 52, 82, 90, 14, 40, 60, 43, 58, 15, 99999, 41], [0, 54, 46, 50, 50, 51, 19, 39, 20, 27, 41, 99999]]

Product revenue - [p,q]: [[10]]
Product shelf-life - [p,q]: [861.9350000000001]

