Problem nodes - [x,y]: [[50, 50], [66, 42], [87, 53], [16, 56], [5, 37], [70, 64], [2, 85], [37, 18], [70, 74], [35, 89], [91, 60], [50, 50]]

Client demand - [p,c]: [[ 1 44 42 57 40 45  1 54 50 48]]
Client total demand - [c]: [1.0, 44.0, 42.0, 57.0, 40.0, 45.0, 1.0, 54.0, 50.0, 48.0]

Production time - [p,m]: [[1]]
Production cost - [p,m]: [[0]]

Machine capacity - [m]: [636.6666666666667]

Vehicle capacity - [k]: 191.0

Service time - [c]: [0, 0, 0, 0, 0, 0, 0, 0, 0, 0]

Vehicle fixed cost: 250
Vehicle variable cost - [c,d]: [[99999, 17, 37, 34, 46, 24, 59, 34, 31, 41, 42, 0], [17, 99999, 23, 51, 61, 22, 77, 37, 32, 56, 30, 17], [37, 23, 99999, 71, 83, 20, 90, 61, 27, 63, 8, 37], [34, 51, 71, 99999, 21, 54, 32, 43, 56, 38, 75, 34], [46, 61, 83, 21, 99999, 70, 48, 37, 74, 60, 89, 46], [24, 22, 20, 54, 70, 99999, 71, 56, 10, 43, 21, 24], [59, 77, 90, 32, 48, 71, 99999, 75, 68, 33, 92, 59], [34, 37, 61, 43, 37, 56, 75, 99999, 65, 71, 68, 34], [31, 32, 27, 56, 74, 10, 68, 65, 99999, 38, 25, 31], [41, 56, 63, 38, 60, 43, 33, 71, 38, 99999, 63, 41], [42, 30, 8, 75, 89, 21, 92, 68, 25, 63, 99999, 42], [0, 17, 37, 34, 46, 24, 59, 34, 31, 41, 42, 99999]]
Travel time - [c,d]: [[99999, 17, 37, 34, 46, 24, 59, 34, 31, 41, 42, 0], [17, 99999, 23, 51, 61, 22, 77, 37, 32, 56, 30, 17], [37, 23, 99999, 71, 83, 20, 90, 61, 27, 63, 8, 37], [34, 51, 71, 99999, 21, 54, 32, 43, 56, 38, 75, 34], [46, 61, 83, 21, 99999, 70, 48, 37, 74, 60, 89, 46], [24, 22, 20, 54, 70, 99999, 71, 56, 10, 43, 21, 24], [59, 77, 90, 32, 48, 71, 99999, 75, 68, 33, 92, 59], [34, 37, 61, 43, 37, 56, 75, 99999, 65, 71, 68, 34], [31, 32, 27, 56, 74, 10, 68, 65, 99999, 38, 25, 31], [41, 56, 63, 38, 60, 43, 33, 71, 38, 99999, 63, 41], [42, 30, 8, 75, 89, 21, 92, 68, 25, 63, 99999, 42], [0, 17, 37, 34, 46, 24, 59, 34, 31, 41, 42, 99999]]

Product revenue - [p,q]: [[10]]
Product shelf-life - [p,q]: [745.0]

