Problem nodes - [x,y]: [[50, 50], [49, 95], [73, 58], [8, 82], [4, 7], [2, 23], [70, 65], [27, 18], [54, 71], [79, 16], [69, 40], [50, 50]]

Client demand - [p,c]: [[53 41  1  1 44 59 44 44 54 47]]
Client total demand - [c]: [53.0, 41.0, 1.0, 1.0, 44.0, 59.0, 44.0, 44.0, 54.0, 47.0]

Production time - [p,m]: [[1]]
Production cost - [p,m]: [[0]]

Machine capacity - [m]: [646.6666666666667]

Vehicle capacity - [k]: 194.0

Service time - [c]: [0, 0, 0, 0, 0, 0, 0, 0, 0, 0]

Vehicle fixed cost: 250
Vehicle variable cost - [c,d]: [[99999, 45, 24, 52, 62, 55, 25, 39, 21, 44, 21, 0], [45, 99999, 44, 43, 98, 85, 36, 80, 24, 84, 58, 45], [24, 44, 99999, 69, 85, 79, 7, 60, 23, 42, 18, 24], [52, 43, 69, 99999, 75, 59, 64, 66, 47, 96, 74, 52], [62, 98, 85, 75, 99999, 16, 87, 25, 81, 75, 72, 62], [55, 85, 79, 59, 16, 99999, 79, 25, 70, 77, 69, 55], [25, 36, 7, 64, 87, 79, 99999, 63, 17, 49, 25, 25], [39, 80, 60, 66, 25, 25, 63, 99999, 59, 52, 47, 39], [21, 24, 23, 47, 81, 70, 17, 59, 99999, 60, 34, 21], [44, 84, 42, 96, 75, 77, 49, 52, 60, 99999, 26, 44], [21, 58, 18, 74, 72, 69, 25, 47, 34, 26, 99999, 21], [0, 45, 24, 52, 62, 55, 25, 39, 21, 44, 21, 99999]]
Travel time - [c,d]: [[99999, 45, 24, 52, 62, 55, 25, 39, 21, 44, 21, 0], [45, 99999, 44, 43, 98, 85, 36, 80, 24, 84, 58, 45], [24, 44, 99999, 69, 85, 79, 7, 60, 23, 42, 18, 24], [52, 43, 69, 99999, 75, 59, 64, 66, 47, 96, 74, 52], [62, 98, 85, 75, 99999, 16, 87, 25, 81, 75, 72, 62], [55, 85, 79, 59, 16, 99999, 79, 25, 70, 77, 69, 55], [25, 36, 7, 64, 87, 79, 99999, 63, 17, 49, 25, 25], [39, 80, 60, 66, 25, 25, 63, 99999, 59, 52, 47, 39], [21, 24, 23, 47, 81, 70, 17, 59, 99999, 60, 34, 21], [44, 84, 42, 96, 75, 77, 49, 52, 60, 99999, 26, 44], [21, 58, 18, 74, 72, 69, 25, 47, 34, 26, 99999, 21], [0, 45, 24, 52, 62, 55, 25, 39, 21, 44, 21, 99999]]

Product revenue - [p,q]: [[10]]
Product shelf-life - [p,q]: [1271.04]

