Problem nodes - [x,y]: [[50, 50], [92, 22], [19, 1], [33, 69], [30, 58], [71, 79], [27, 77], [17, 36], [8, 51], [75, 26], [87, 8], [50, 50]]

Client demand - [p,c]: [[54 54 43 50  1 44 44 48  1 51]]
Client total demand - [c]: [54.0, 54.0, 43.0, 50.0, 1.0, 44.0, 44.0, 48.0, 1.0, 51.0]

Production time - [p,m]: [[1]]
Production cost - [p,m]: [[0]]

Machine capacity - [m]: [650.0]

Vehicle capacity - [k]: 195.0

Service time - [c]: [0, 0, 0, 0, 0, 0, 0, 0, 0, 0]

Vehicle fixed cost: 250
Vehicle variable cost - [c,d]: [[99999, 50, 57, 25, 21, 35, 35, 35, 42, 34, 55, 0], [50, 99999, 75, 75, 71, 60, 85, 76, 88, 17, 14, 50], [57, 75, 99999, 69, 58, 93, 76, 35, 51, 61, 68, 57], [25, 75, 69, 99999, 11, 39, 10, 36, 30, 60, 81, 25], [21, 71, 58, 11, 99999, 46, 19, 25, 23, 55, 75, 21], [35, 60, 93, 39, 46, 99999, 44, 69, 68, 53, 72, 35], [35, 85, 76, 10, 19, 44, 99999, 42, 32, 70, 91, 35], [35, 76, 35, 36, 25, 69, 42, 99999, 17, 58, 75, 35], [42, 88, 51, 30, 23, 68, 32, 17, 99999, 71, 89, 42], [34, 17, 61, 60, 55, 53, 70, 58, 71, 99999, 21, 34], [55, 14, 68, 81, 75, 72, 91, 75, 89, 21, 99999, 55], [0, 50, 57, 25, 21, 35, 35, 35, 42, 34, 55, 99999]]
Travel time - [c,d]: [[99999, 50, 57, 25, 21, 35, 35, 35, 42, 34, 55, 0], [50, 99999, 75, 75, 71, 60, 85, 76, 88, 17, 14, 50], [57, 75, 99999, 69, 58, 93, 76, 35, 51, 61, 68, 57], [25, 75, 69, 99999, 11, 39, 10, 36, 30, 60, 81, 25], [21, 71, 58, 11, 99999, 46, 19, 25, 23, 55, 75, 21], [35, 60, 93, 39, 46, 99999, 44, 69, 68, 53, 72, 35], [35, 85, 76, 10, 19, 44, 99999, 42, 32, 70, 91, 35], [35, 76, 35, 36, 25, 69, 42, 99999, 17, 58, 75, 35], [42, 88, 51, 30, 23, 68, 32, 17, 99999, 71, 89, 42], [34, 17, 61, 60, 55, 53, 70, 58, 71, 99999, 21, 34], [55, 14, 68, 81, 75, 72, 91, 75, 89, 21, 99999, 55], [0, 50, 57, 25, 21, 35, 35, 35, 42, 34, 55, 99999]]

Product revenue - [p,q]: [[10]]
Product shelf-life - [p,q]: [4561.045]

