Problem nodes - [x,y]: [[50, 50], [13, 33], [76, 55], [22, 89], [98, 78], [45, 95], [98, 54], [6, 43], [97, 23], [98, 46], [69, 15], [50, 50]]

Client demand - [p,c]: [[55 40 57 56  1 46 44 58  1 56]]
Client total demand - [c]: [55.0, 40.0, 57.0, 56.0, 1.0, 46.0, 44.0, 58.0, 1.0, 56.0]

Production time - [p,m]: [[1]]
Production cost - [p,m]: [[0]]

Machine capacity - [m]: [690.0]

Vehicle capacity - [k]: 207.0

Service time - [c]: [0, 0, 0, 0, 0, 0, 0, 0, 0, 0]

Vehicle fixed cost: 250
Vehicle variable cost - [c,d]: [[99999, 40, 26, 48, 55, 45, 48, 44, 54, 48, 39, 0], [40, 99999, 66, 56, 96, 69, 87, 12, 84, 85, 58, 40], [26, 66, 99999, 63, 31, 50, 22, 71, 38, 23, 40, 26], [48, 56, 63, 99999, 76, 23, 83, 48, 99, 87, 87, 48], [55, 96, 31, 76, 99999, 55, 24, 98, 55, 32, 69, 55], [45, 69, 50, 23, 55, 99999, 67, 65, 88, 72, 83, 45], [48, 87, 22, 83, 24, 67, 99999, 92, 31, 8, 48, 48], [44, 12, 71, 48, 98, 65, 92, 99999, 93, 92, 68, 44], [54, 84, 38, 99, 55, 88, 31, 93, 99999, 23, 29, 54], [48, 85, 23, 87, 32, 72, 8, 92, 23, 99999, 42, 48], [39, 58, 40, 87, 69, 83, 48, 68, 29, 42, 99999, 39], [0, 40, 26, 48, 55, 45, 48, 44, 54, 48, 39, 99999]]
Travel time - [c,d]: [[99999, 40, 26, 48, 55, 45, 48, 44, 54, 48, 39, 0], [40, 99999, 66, 56, 96, 69, 87, 12, 84, 85, 58, 40], [26, 66, 99999, 63, 31, 50, 22, 71, 38, 23, 40, 26], [48, 56, 63, 99999, 76, 23, 83, 48, 99, 87, 87, 48], [55, 96, 31, 76, 99999, 55, 24, 98, 55, 32, 69, 55], [45, 69, 50, 23, 55, 99999, 67, 65, 88, 72, 83, 45], [48, 87, 22, 83, 24, 67, 99999, 92, 31, 8, 48, 48], [44, 12, 71, 48, 98, 65, 92, 99999, 93, 92, 68, 44], [54, 84, 38, 99, 55, 88, 31, 93, 99999, 23, 29, 54], [48, 85, 23, 87, 32, 72, 8, 92, 23, 99999, 42, 48], [39, 58, 40, 87, 69, 83, 48, 68, 29, 42, 99999, 39], [0, 40, 26, 48, 55, 45, 48, 44, 54, 48, 39, 99999]]

Product revenue - [p,q]: [[10]]
Product shelf-life - [p,q]: [647.035]

