Problem nodes - [x,y]: [[50, 50], [14, 46], [48, 38], [79, 80], [22, 82], [97, 56], [80, 95], [80, 96], [96, 48], [73, 53], [58, 73], [50, 50]]

Client demand - [p,c]: [[54 53 42  1 59 53 59 50 53  1]]
Client total demand - [c]: [54.0, 53.0, 42.0, 1.0, 59.0, 53.0, 59.0, 50.0, 53.0, 1.0]

Production time - [p,m]: [[1]]
Production cost - [p,m]: [[0]]

Machine capacity - [m]: [708.3333333333335]

Vehicle capacity - [k]: 212.5

Service time - [c]: [0, 0, 0, 0, 0, 0, 0, 0, 0, 0]

Vehicle fixed cost: 250
Vehicle variable cost - [c,d]: [[99999, 36, 12, 41, 42, 47, 54, 54, 46, 23, 24, 0], [36, 99999, 34, 73, 36, 83, 82, 82, 82, 59, 51, 36], [12, 34, 99999, 52, 51, 52, 65, 66, 49, 29, 36, 12], [41, 73, 52, 99999, 57, 30, 15, 16, 36, 27, 22, 41], [42, 36, 51, 57, 99999, 79, 59, 59, 81, 58, 37, 42], [47, 83, 52, 30, 79, 99999, 42, 43, 8, 24, 42, 47], [54, 82, 65, 15, 59, 42, 99999, 1, 49, 42, 31, 54], [54, 82, 66, 16, 59, 43, 1, 99999, 50, 43, 31, 54], [46, 82, 49, 36, 81, 8, 49, 50, 99999, 23, 45, 46], [23, 59, 29, 27, 58, 24, 42, 43, 23, 99999, 25, 23], [24, 51, 36, 22, 37, 42, 31, 31, 45, 25, 99999, 24], [0, 36, 12, 41, 42, 47, 54, 54, 46, 23, 24, 99999]]
Travel time - [c,d]: [[99999, 36, 12, 41, 42, 47, 54, 54, 46, 23, 24, 0], [36, 99999, 34, 73, 36, 83, 82, 82, 82, 59, 51, 36], [12, 34, 99999, 52, 51, 52, 65, 66, 49, 29, 36, 12], [41, 73, 52, 99999, 57, 30, 15, 16, 36, 27, 22, 41], [42, 36, 51, 57, 99999, 79, 59, 59, 81, 58, 37, 42], [47, 83, 52, 30, 79, 99999, 42, 43, 8, 24, 42, 47], [54, 82, 65, 15, 59, 42, 99999, 1, 49, 42, 31, 54], [54, 82, 66, 16, 59, 43, 1, 99999, 50, 43, 31, 54], [46, 82, 49, 36, 81, 8, 49, 50, 99999, 23, 45, 46], [23, 59, 29, 27, 58, 24, 42, 43, 23, 99999, 25, 23], [24, 51, 36, 22, 37, 42, 31, 31, 45, 25, 99999, 24], [0, 36, 12, 41, 42, 47, 54, 54, 46, 23, 24, 99999]]

Product revenue - [p,q]: [[10]]
Product shelf-life - [p,q]: [799.0]

