Problem nodes - [x,y]: [[50, 50], [64, 38], [7, 92], [90, 67], [33, 84], [16, 58], [60, 70], [18, 37], [8, 79], [41, 1], [66, 56], [50, 50]]

Client demand - [p,c]: [[ 1 50  1 44 43 47 40 57 41 52]]
Client total demand - [c]: [1.0, 50.0, 1.0, 44.0, 43.0, 47.0, 40.0, 57.0, 41.0, 52.0]

Production time - [p,m]: [[1]]
Production cost - [p,m]: [[0]]

Machine capacity - [m]: [626.6666666666666]

Vehicle capacity - [k]: 188.0

Service time - [c]: [0, 0, 0, 0, 0, 0, 0, 0, 0, 0]

Vehicle fixed cost: 250
Vehicle variable cost - [c,d]: [[99999, 18, 60, 43, 38, 34, 22, 34, 51, 49, 17, 0], [18, 99999, 78, 38, 55, 52, 32, 46, 69, 43, 18, 18], [60, 78, 99999, 86, 27, 35, 57, 56, 13, 97, 69, 60], [43, 38, 86, 99999, 59, 74, 30, 78, 82, 82, 26, 43], [38, 55, 27, 59, 99999, 31, 30, 49, 25, 83, 43, 38], [34, 52, 35, 74, 31, 99999, 45, 21, 22, 62, 50, 34], [22, 32, 57, 30, 30, 45, 99999, 53, 52, 71, 15, 22], [34, 46, 56, 78, 49, 21, 53, 99999, 43, 42, 51, 34], [51, 69, 13, 82, 25, 22, 52, 43, 99999, 84, 62, 51], [49, 43, 97, 82, 83, 62, 71, 42, 84, 99999, 60, 49], [17, 18, 69, 26, 43, 50, 15, 51, 62, 60, 99999, 17], [0, 18, 60, 43, 38, 34, 22, 34, 51, 49, 17, 99999]]
Travel time - [c,d]: [[99999, 18, 60, 43, 38, 34, 22, 34, 51, 49, 17, 0], [18, 99999, 78, 38, 55, 52, 32, 46, 69, 43, 18, 18], [60, 78, 99999, 86, 27, 35, 57, 56, 13, 97, 69, 60], [43, 38, 86, 99999, 59, 74, 30, 78, 82, 82, 26, 43], [38, 55, 27, 59, 99999, 31, 30, 49, 25, 83, 43, 38], [34, 52, 35, 74, 31, 99999, 45, 21, 22, 62, 50, 34], [22, 32, 57, 30, 30, 45, 99999, 53, 52, 71, 15, 22], [34, 46, 56, 78, 49, 21, 53, 99999, 43, 42, 51, 34], [51, 69, 13, 82, 25, 22, 52, 43, 99999, 84, 62, 51], [49, 43, 97, 82, 83, 62, 71, 42, 84, 99999, 60, 49], [17, 18, 69, 26, 43, 50, 15, 51, 62, 60, 99999, 17], [0, 18, 60, 43, 38, 34, 22, 34, 51, 49, 17, 99999]]

Product revenue - [p,q]: [[10]]
Product shelf-life - [p,q]: [1880.48]

