Problem nodes - [x,y]: [[50, 50], [34, 17], [51, 77], [3, 28], [7, 80], [2, 72], [88, 76], [5, 72], [6, 8], [83, 83], [16, 47], [50, 50]]

Client demand - [p,c]: [[55 48 41 49 56 49 55  1  1 41]]
Client total demand - [c]: [55.0, 48.0, 41.0, 49.0, 56.0, 49.0, 55.0, 1.0, 1.0, 41.0]

Production time - [p,m]: [[1]]
Production cost - [p,m]: [[0]]

Machine capacity - [m]: [660.0]

Vehicle capacity - [k]: 198.0

Service time - [c]: [0, 0, 0, 0, 0, 0, 0, 0, 0, 0]

Vehicle fixed cost: 250
Vehicle variable cost - [c,d]: [[99999, 36, 27, 51, 52, 52, 46, 50, 60, 46, 34, 0], [36, 99999, 62, 32, 68, 63, 79, 62, 29, 82, 34, 36], [27, 62, 99999, 68, 44, 49, 37, 46, 82, 32, 46, 27], [51, 32, 68, 99999, 52, 44, 97, 44, 20, 97, 23, 51], [52, 68, 44, 52, 99999, 9, 81, 8, 72, 76, 34, 52], [52, 63, 49, 44, 9, 99999, 86, 3, 64, 81, 28, 52], [46, 79, 37, 97, 81, 86, 99999, 83, 106, 8, 77, 46], [50, 62, 46, 44, 8, 3, 83, 99999, 64, 78, 27, 50], [60, 29, 82, 20, 72, 64, 106, 64, 99999, 107, 40, 60], [46, 82, 32, 97, 76, 81, 8, 78, 107, 99999, 76, 46], [34, 34, 46, 23, 34, 28, 77, 27, 40, 76, 99999, 34], [0, 36, 27, 51, 52, 52, 46, 50, 60, 46, 34, 99999]]
Travel time - [c,d]: [[99999, 36, 27, 51, 52, 52, 46, 50, 60, 46, 34, 0], [36, 99999, 62, 32, 68, 63, 79, 62, 29, 82, 34, 36], [27, 62, 99999, 68, 44, 49, 37, 46, 82, 32, 46, 27], [51, 32, 68, 99999, 52, 44, 97, 44, 20, 97, 23, 51], [52, 68, 44, 52, 99999, 9, 81, 8, 72, 76, 34, 52], [52, 63, 49, 44, 9, 99999, 86, 3, 64, 81, 28, 52], [46, 79, 37, 97, 81, 86, 99999, 83, 106, 8, 77, 46], [50, 62, 46, 44, 8, 3, 83, 99999, 64, 78, 27, 50], [60, 29, 82, 20, 72, 64, 106, 64, 99999, 107, 40, 60], [46, 82, 32, 97, 76, 81, 8, 78, 107, 99999, 76, 46], [34, 34, 46, 23, 34, 28, 77, 27, 40, 76, 99999, 34], [0, 36, 27, 51, 52, 52, 46, 50, 60, 46, 34, 99999]]

Product revenue - [p,q]: [[10]]
Product shelf-life - [p,q]: [3675.62]

